{"metadata":{"kernelspec":{"language":"python","display_name":"Python 3","name":"python3"},"language_info":{"name":"python","version":"3.7.12","mimetype":"text/x-python","codemirror_mode":{"name":"ipython","version":3},"pygments_lexer":"ipython3","nbconvert_exporter":"python","file_extension":".py"}},"nbformat_minor":4,"nbformat":4,"cells":[{"cell_type":"markdown","source":"<div style=\"color:white;\n            display:fill;\n            border-radius:15px;\n            background-color:green;\n            font-size:100%;\n            font-family:Verdana;\n            letter-spacing:1px\">\n    <h3 style='padding: 20px;\n              color:white;\n              text-align:center;'>\n        SPOTIFY DATA VISUALIZATION\n    </h3>\n    </div>","metadata":{}},{"cell_type":"markdown","source":"![](https://c.tenor.com/iczjaEFdW20AAAAC/spotify-music.gif)","metadata":{}},{"cell_type":"markdown","source":"<p>Spotify transformed music listening forever when it launched in Sweden in 2008. Discover, manage and share over 70m tracks for free, or upgrade to Spotify Premium to access exclusive features including offline mode, improved sound quality, and an ad-free music listening experience. \n\nToday, Spotify is the most popular global audio streaming service with 365m users, including 165m subscribers across 178 markets. They are the largest driver of revenue to the music business today.</p>","metadata":{}},{"cell_type":"markdown","source":"<div style=\"color:white;\n            display:fill;\n            border-radius:15px;\n            background-color:green;\n            font-size:100%;\n            font-family:Verdana;\n            letter-spacing:1px\">\n    <h3 style='padding: 20px;\n              color:white;\n              text-align:center;'>\n        TABLE OF CONTENTS\n    </h3>\n    </div>\n  \n  \n<br> \n<br>\n<br>\n\n<p>\n    <b>1. IMPOPRTING LIBRARIES AND LOADING DATA</b>\n</p>\n<p>\n    <b>2. DATA INFORMATION </b>\n</p>\n<p>\n    <b>3. EXPLORATORY DATA ANALYSIS </b>\n</p>\n<p>\n    <b>4. CONCLUSION </b>\n</p>\n<p>\n    <b>5. END </b>\n</p>","metadata":{}},{"cell_type":"markdown","source":"<div style=\"color:white;\n            display:fill;\n            border-radius:15px;\n            background-color:green;\n            font-size:100%;\n            font-family:Verdana;\n            letter-spacing:1px\">\n    <h3 style='padding: 20px;\n              color:white;\n              text-align:center;'>\n        IMPORTING LIBRARIES AND LOADING DATA\n    </h3>\n    </div>","metadata":{}},{"cell_type":"code","source":"# Importing all the Required Libraries\n\nimport pandas as pd\nimport numpy as np\nimport matplotlib.pyplot as plt\nimport plotly.express as px\nimport plotly.graph_objects as go\nfrom plotly.subplots import make_subplots\nfrom plotly.offline import init_notebook_mode\nimport seaborn as sns\nimport datetime as dt\nimport warnings\nwarnings.filterwarnings('ignore')\npd.set_option('display.max_columns',None)\ninit_notebook_mode(connected=True)","metadata":{"execution":{"iopub.status.busy":"2023-02-07T08:58:07.597605Z","iopub.execute_input":"2023-02-07T08:58:07.598113Z","iopub.status.idle":"2023-02-07T08:58:09.471207Z","shell.execute_reply.started":"2023-02-07T08:58:07.598056Z","shell.execute_reply":"2023-02-07T08:58:09.469758Z"},"trusted":true},"execution_count":3,"outputs":[{"output_type":"display_data","data":{"text/html":"        <script type=\"text/javascript\">\n        window.PlotlyConfig = {MathJaxConfig: 'local'};\n        if (window.MathJax && window.MathJax.Hub && window.MathJax.Hub.Config) {window.MathJax.Hub.Config({SVG: {font: \"STIX-Web\"}});}\n        if (typeof require !== 'undefined') {\n        require.undef(\"plotly\");\n        requirejs.config({\n            paths: {\n                'plotly': ['https://cdn.plot.ly/plotly-2.14.0.min']\n            }\n        });\n        require(['plotly'], function(Plotly) {\n            window._Plotly = Plotly;\n        });\n        }\n        </script>\n        "},"metadata":{}}]},{"cell_type":"code","source":"df=pd.read_csv('/kaggle/input/top-hits-spotify-from-20002019/songs_normalize.csv')","metadata":{"execution":{"iopub.status.busy":"2023-02-07T08:58:09.474423Z","iopub.execute_input":"2023-02-07T08:58:09.474938Z","iopub.status.idle":"2023-02-07T08:58:09.512450Z","shell.execute_reply.started":"2023-02-07T08:58:09.474891Z","shell.execute_reply":"2023-02-07T08:58:09.511066Z"},"trusted":true},"execution_count":4,"outputs":[]},{"cell_type":"code","source":"df","metadata":{"execution":{"iopub.status.busy":"2023-02-07T08:58:09.514144Z","iopub.execute_input":"2023-02-07T08:58:09.515341Z","iopub.status.idle":"2023-02-07T08:58:09.575892Z","shell.execute_reply.started":"2023-02-07T08:58:09.515291Z","shell.execute_reply":"2023-02-07T08:58:09.574644Z"},"trusted":true},"execution_count":5,"outputs":[{"execution_count":5,"output_type":"execute_result","data":{"text/plain":"              artist                                    song  duration_ms  \\\n0     Britney Spears                  Oops!...I Did It Again       211160   \n1          blink-182                    All The Small Things       167066   \n2         Faith Hill                                 Breathe       250546   \n3           Bon Jovi                            It's My Life       224493   \n4             *NSYNC                             Bye Bye Bye       200560   \n...              ...                                     ...          ...   \n1995  Jonas Brothers                                  Sucker       181026   \n1996    Taylor Swift                            Cruel Summer       178426   \n1997    Blanco Brown                              The Git Up       200593   \n1998       Sam Smith  Dancing With A Stranger (with Normani)       171029   \n1999     Post Malone                                 Circles       215280   \n\n      explicit  year  popularity  danceability  energy  key  loudness  mode  \\\n0        False  2000          77         0.751   0.834    1    -5.444     0   \n1        False  1999          79         0.434   0.897    0    -4.918     1   \n2        False  1999          66         0.529   0.496    7    -9.007     1   \n3        False  2000          78         0.551   0.913    0    -4.063     0   \n4        False  2000          65         0.614   0.928    8    -4.806     0   \n...        ...   ...         ...           ...     ...  ...       ...   ...   \n1995     False  2019          79         0.842   0.734    1    -5.065     0   \n1996     False  2019          78         0.552   0.702    9    -5.707     1   \n1997     False  2019          69         0.847   0.678    9    -8.635     1   \n1998     False  2019          75         0.741   0.520    8    -7.513     1   \n1999     False  2019          85         0.695   0.762    0    -3.497     1   \n\n      speechiness  acousticness  instrumentalness  liveness  valence    tempo  \\\n0          0.0437        0.3000          0.000018    0.3550    0.894   95.053   \n1          0.0488        0.0103          0.000000    0.6120    0.684  148.726   \n2          0.0290        0.1730          0.000000    0.2510    0.278  136.859   \n3          0.0466        0.0263          0.000013    0.3470    0.544  119.992   \n4          0.0516        0.0408          0.001040    0.0845    0.879  172.656   \n...           ...           ...               ...       ...      ...      ...   \n1995       0.0588        0.0427          0.000000    0.1060    0.952  137.958   \n1996       0.1570        0.1170          0.000021    0.1050    0.564  169.994   \n1997       0.1090        0.0669          0.000000    0.2740    0.811   97.984   \n1998       0.0656        0.4500          0.000002    0.2220    0.347  102.998   \n1999       0.0395        0.1920          0.002440    0.0863    0.553  120.042   \n\n                 genre  \n0                  pop  \n1            rock, pop  \n2         pop, country  \n3          rock, metal  \n4                  pop  \n...                ...  \n1995               pop  \n1996               pop  \n1997  hip hop, country  \n1998               pop  \n1999           hip hop  \n\n[2000 rows x 18 columns]","text/html":"<div>\n<style scoped>\n    .dataframe tbody tr th:only-of-type {\n        vertical-align: middle;\n    }\n\n    .dataframe tbody tr th {\n        vertical-align: top;\n    }\n\n    .dataframe thead th {\n        text-align: right;\n    }\n</style>\n<table border=\"1\" class=\"dataframe\">\n  <thead>\n    <tr style=\"text-align: right;\">\n      <th></th>\n      <th>artist</th>\n      <th>song</th>\n      <th>duration_ms</th>\n      <th>explicit</th>\n      <th>year</th>\n      <th>popularity</th>\n      <th>danceability</th>\n      <th>energy</th>\n      <th>key</th>\n      <th>loudness</th>\n      <th>mode</th>\n      <th>speechiness</th>\n      <th>acousticness</th>\n      <th>instrumentalness</th>\n      <th>liveness</th>\n      <th>valence</th>\n      <th>tempo</th>\n      <th>genre</th>\n    </tr>\n  </thead>\n  <tbody>\n    <tr>\n      <th>0</th>\n      <td>Britney Spears</td>\n      <td>Oops!...I Did It Again</td>\n      <td>211160</td>\n      <td>False</td>\n      <td>2000</td>\n      <td>77</td>\n      <td>0.751</td>\n      <td>0.834</td>\n      <td>1</td>\n      <td>-5.444</td>\n      <td>0</td>\n      <td>0.0437</td>\n      <td>0.3000</td>\n      <td>0.000018</td>\n      <td>0.3550</td>\n      <td>0.894</td>\n      <td>95.053</td>\n      <td>pop</td>\n    </tr>\n    <tr>\n      <th>1</th>\n      <td>blink-182</td>\n      <td>All The Small Things</td>\n      <td>167066</td>\n      <td>False</td>\n      <td>1999</td>\n      <td>79</td>\n      <td>0.434</td>\n      <td>0.897</td>\n      <td>0</td>\n      <td>-4.918</td>\n      <td>1</td>\n      <td>0.0488</td>\n      <td>0.0103</td>\n      <td>0.000000</td>\n      <td>0.6120</td>\n      <td>0.684</td>\n      <td>148.726</td>\n      <td>rock, pop</td>\n    </tr>\n    <tr>\n      <th>2</th>\n      <td>Faith Hill</td>\n      <td>Breathe</td>\n      <td>250546</td>\n      <td>False</td>\n      <td>1999</td>\n      <td>66</td>\n      <td>0.529</td>\n      <td>0.496</td>\n      <td>7</td>\n      <td>-9.007</td>\n      <td>1</td>\n      <td>0.0290</td>\n      <td>0.1730</td>\n      <td>0.000000</td>\n      <td>0.2510</td>\n      <td>0.278</td>\n      <td>136.859</td>\n      <td>pop, country</td>\n    </tr>\n    <tr>\n      <th>3</th>\n      <td>Bon Jovi</td>\n      <td>It's My Life</td>\n      <td>224493</td>\n      <td>False</td>\n      <td>2000</td>\n      <td>78</td>\n      <td>0.551</td>\n      <td>0.913</td>\n      <td>0</td>\n      <td>-4.063</td>\n      <td>0</td>\n      <td>0.0466</td>\n      <td>0.0263</td>\n      <td>0.000013</td>\n      <td>0.3470</td>\n      <td>0.544</td>\n      <td>119.992</td>\n      <td>rock, metal</td>\n    </tr>\n    <tr>\n      <th>4</th>\n      <td>*NSYNC</td>\n      <td>Bye Bye Bye</td>\n      <td>200560</td>\n      <td>False</td>\n      <td>2000</td>\n      <td>65</td>\n      <td>0.614</td>\n      <td>0.928</td>\n      <td>8</td>\n      <td>-4.806</td>\n      <td>0</td>\n      <td>0.0516</td>\n      <td>0.0408</td>\n      <td>0.001040</td>\n      <td>0.0845</td>\n      <td>0.879</td>\n      <td>172.656</td>\n      <td>pop</td>\n    </tr>\n    <tr>\n      <th>...</th>\n      <td>...</td>\n      <td>...</td>\n      <td>...</td>\n      <td>...</td>\n      <td>...</td>\n      <td>...</td>\n      <td>...</td>\n      <td>...</td>\n      <td>...</td>\n      <td>...</td>\n      <td>...</td>\n      <td>...</td>\n      <td>...</td>\n      <td>...</td>\n      <td>...</td>\n      <td>...</td>\n      <td>...</td>\n      <td>...</td>\n    </tr>\n    <tr>\n      <th>1995</th>\n      <td>Jonas Brothers</td>\n      <td>Sucker</td>\n      <td>181026</td>\n      <td>False</td>\n      <td>2019</td>\n      <td>79</td>\n      <td>0.842</td>\n      <td>0.734</td>\n      <td>1</td>\n      <td>-5.065</td>\n      <td>0</td>\n      <td>0.0588</td>\n      <td>0.0427</td>\n      <td>0.000000</td>\n      <td>0.1060</td>\n      <td>0.952</td>\n      <td>137.958</td>\n      <td>pop</td>\n    </tr>\n    <tr>\n      <th>1996</th>\n      <td>Taylor Swift</td>\n      <td>Cruel Summer</td>\n      <td>178426</td>\n      <td>False</td>\n      <td>2019</td>\n      <td>78</td>\n      <td>0.552</td>\n      <td>0.702</td>\n      <td>9</td>\n      <td>-5.707</td>\n      <td>1</td>\n      <td>0.1570</td>\n      <td>0.1170</td>\n      <td>0.000021</td>\n      <td>0.1050</td>\n      <td>0.564</td>\n      <td>169.994</td>\n      <td>pop</td>\n    </tr>\n    <tr>\n      <th>1997</th>\n      <td>Blanco Brown</td>\n      <td>The Git Up</td>\n      <td>200593</td>\n      <td>False</td>\n      <td>2019</td>\n      <td>69</td>\n      <td>0.847</td>\n      <td>0.678</td>\n      <td>9</td>\n      <td>-8.635</td>\n      <td>1</td>\n      <td>0.1090</td>\n      <td>0.0669</td>\n      <td>0.000000</td>\n      <td>0.2740</td>\n      <td>0.811</td>\n      <td>97.984</td>\n      <td>hip hop, country</td>\n    </tr>\n    <tr>\n      <th>1998</th>\n      <td>Sam Smith</td>\n      <td>Dancing With A Stranger (with Normani)</td>\n      <td>171029</td>\n      <td>False</td>\n      <td>2019</td>\n      <td>75</td>\n      <td>0.741</td>\n      <td>0.520</td>\n      <td>8</td>\n      <td>-7.513</td>\n      <td>1</td>\n      <td>0.0656</td>\n      <td>0.4500</td>\n      <td>0.000002</td>\n      <td>0.2220</td>\n      <td>0.347</td>\n      <td>102.998</td>\n      <td>pop</td>\n    </tr>\n    <tr>\n      <th>1999</th>\n      <td>Post Malone</td>\n      <td>Circles</td>\n      <td>215280</td>\n      <td>False</td>\n      <td>2019</td>\n      <td>85</td>\n      <td>0.695</td>\n      <td>0.762</td>\n      <td>0</td>\n      <td>-3.497</td>\n      <td>1</td>\n      <td>0.0395</td>\n      <td>0.1920</td>\n      <td>0.002440</td>\n      <td>0.0863</td>\n      <td>0.553</td>\n      <td>120.042</td>\n      <td>hip hop</td>\n    </tr>\n  </tbody>\n</table>\n<p>2000 rows × 18 columns</p>\n</div>"},"metadata":{}}]},{"cell_type":"markdown","source":"<div style=\"color:white;\n            display:fill;\n            border-radius:15px;\n            background-color:green;\n            font-size:100%;\n            font-family:Verdana;\n            letter-spacing:1px\">\n    <h3 style='padding: 20px;\n              color:white;\n              text-align:center;'>\n        DATA INFORMATION\n    </h3>\n    </div>","metadata":{}},{"cell_type":"code","source":"df.info()","metadata":{"execution":{"iopub.status.busy":"2023-02-07T08:58:09.577525Z","iopub.execute_input":"2023-02-07T08:58:09.578673Z","iopub.status.idle":"2023-02-07T08:58:09.607763Z","shell.execute_reply.started":"2023-02-07T08:58:09.578619Z","shell.execute_reply":"2023-02-07T08:58:09.606240Z"},"trusted":true},"execution_count":6,"outputs":[{"name":"stdout","text":"<class 'pandas.core.frame.DataFrame'>\nRangeIndex: 2000 entries, 0 to 1999\nData columns (total 18 columns):\n #   Column            Non-Null Count  Dtype  \n---  ------            --------------  -----  \n 0   artist            2000 non-null   object \n 1   song              2000 non-null   object \n 2   duration_ms       2000 non-null   int64  \n 3   explicit          2000 non-null   bool   \n 4   year              2000 non-null   int64  \n 5   popularity        2000 non-null   int64  \n 6   danceability      2000 non-null   float64\n 7   energy            2000 non-null   float64\n 8   key               2000 non-null   int64  \n 9   loudness          2000 non-null   float64\n 10  mode              2000 non-null   int64  \n 11  speechiness       2000 non-null   float64\n 12  acousticness      2000 non-null   float64\n 13  instrumentalness  2000 non-null   float64\n 14  liveness          2000 non-null   float64\n 15  valence           2000 non-null   float64\n 16  tempo             2000 non-null   float64\n 17  genre             2000 non-null   object \ndtypes: bool(1), float64(9), int64(5), object(3)\nmemory usage: 267.7+ KB\n","output_type":"stream"}]},{"cell_type":"markdown","source":"<div style=\"color:black;\n            display:fill;\n            border-radius:1px;\n            background-color:lightyellow;\n            font-size:80%;\n            font-family:Verdana;\n            letter-spacing:1px\">\n    \n* <b>artist</b>: Name of the Artist.<br>\n* <b>song</b>:   Name of the Track.<br>\n* <b>duration_ms</b>: Duration of the track in milliseconds.<br>\n* <b>explicit</b>: The lyrics or content of a song or a music video contain one or more of the criteria which could be considered offensive or unsuitable for children.<br>\n\n* <b>year</b>: Release Year of the track.<br>\n* <b>popularity</b>: The higher the value the more popular the song is.<br>\n* <b>danceability</b>: Danceability describes how suitable a track is for dancing based on a combination of musical elements including tempo, rhythm stability, beat strength, and overall regularity. A value of 0.0 is least danceable and 1.0 is most danceable.<br>\n    \n* <b>energy</b>: Energy is a measure from 0.0 to 1.0 and represents a perceptual measure of intensity and activity.<br>\n* <b>key</b>: The key the track is in. Integers map to pitches using standard Pitch Class notation. E.g. 0 = C, 1 = C♯/D♭, 2 = D, and so on. If no key was detected, the value is -1.<br>\n\n* <b>loudness</b>: The overall loudness of a track in decibels (dB). Loudness values are averaged across the entire track and are useful for comparing relative loudness of tracks. Loudness is the quality of a sound that is the primary psychological correlate of physical strength (amplitude). Values typically range between -60 and 0 db.<br>\n\n* <b>mode</b>: Mode indicates the modality (major or minor) of a track, the type of scale from which its melodic content is derived. Major is represented by 1 and minor is 0.<br>\n\n* <b>speechiness</b>: Speechiness detects the presence of spoken words in a track. The more exclusively speech-like the recording (e.g. talk show, audio book, poetry), the closer to 1.0 the attribute value. Values above 0.66 describe tracks that are probably made entirely of spoken words. Values between 0.33 and 0.66 describe tracks that may contain both music and speech, either in sections or layered, including such cases as rap music. Values below 0.33 most likely represent music and other non-speech-like tracks.<br>\n\n* <b>acousticness</b>: A confidence measure from 0.0 to 1.0 of whether the track is acoustic. 1.0 represents high confidence the track is acoustic.<br>\n\n* <b>instrumentalness</b>: Predicts whether a track contains no vocals. \"Ooh\" and \"aah\" sounds are treated as instrumental in this context. Rap or spoken word tracks are clearly \"vocal\". The closer the instrumentalness value is to 1.0, the greater likelihood the track contains no vocal content. Values above 0.5 are intended to represent instrumental tracks, but confidence is higher as the value approaches 1.0.<br>\n\n* <b>liveness</b>: Detects the presence of an audience in the recording. Higher liveness values represent an increased probability that the track was performed live. A value above 0.8 provides strong likelihood that the track is live.<br>\n\n* <b>valence</b>: A measure from 0.0 to 1.0 describing the musical positiveness conveyed by a track. Tracks with high valence sound more positive (e.g. happy, cheerful, euphoric), while tracks with low valence sound more negative (e.g. sad, depressed, angry).<br>\n\n* <b>tempo</b>: The overall estimated tempo of a track in beats per minute (BPM). In musical terminology, tempo is the speed or pace of a given piece and derives directly from the average beat duration.<br>\n\n* <b>genre</b>: Genre of the track.<br>\n    \n    </div>","metadata":{}},{"cell_type":"markdown","source":"<div style=\"color:white;\n            display:fill;\n            border-radius:15px;\n            background-color:green;\n            font-size:100%;\n            font-family:Verdana;\n            letter-spacing:1px\">\n    <h3 style='padding: 20px;\n              color:white;\n              text-align:center;'>\n        EXPLORATORY DATA ANALYSIS\n    </h3>\n    </div>","metadata":{}},{"cell_type":"code","source":"# checking for null values\ndf.isnull().sum()","metadata":{"execution":{"iopub.status.busy":"2023-02-07T08:58:09.611951Z","iopub.execute_input":"2023-02-07T08:58:09.612484Z","iopub.status.idle":"2023-02-07T08:58:09.627145Z","shell.execute_reply.started":"2023-02-07T08:58:09.612439Z","shell.execute_reply":"2023-02-07T08:58:09.625756Z"},"trusted":true},"execution_count":7,"outputs":[{"execution_count":7,"output_type":"execute_result","data":{"text/plain":"artist              0\nsong                0\nduration_ms         0\nexplicit            0\nyear                0\npopularity          0\ndanceability        0\nenergy              0\nkey                 0\nloudness            0\nmode                0\nspeechiness         0\nacousticness        0\ninstrumentalness    0\nliveness            0\nvalence             0\ntempo               0\ngenre               0\ndtype: int64"},"metadata":{}}]},{"cell_type":"code","source":"#checking for duplicate values\ndf.duplicated().value_counts()","metadata":{"execution":{"iopub.status.busy":"2023-02-07T08:58:09.629009Z","iopub.execute_input":"2023-02-07T08:58:09.629587Z","iopub.status.idle":"2023-02-07T08:58:09.650559Z","shell.execute_reply.started":"2023-02-07T08:58:09.629540Z","shell.execute_reply":"2023-02-07T08:58:09.649557Z"},"trusted":true},"execution_count":8,"outputs":[{"execution_count":8,"output_type":"execute_result","data":{"text/plain":"False    1941\nTrue       59\ndtype: int64"},"metadata":{}}]},{"cell_type":"code","source":"#dropping the duplicate values\ndf.drop_duplicates(inplace=True)","metadata":{"execution":{"iopub.status.busy":"2023-02-07T08:58:09.651941Z","iopub.execute_input":"2023-02-07T08:58:09.652982Z","iopub.status.idle":"2023-02-07T08:58:09.666147Z","shell.execute_reply.started":"2023-02-07T08:58:09.652943Z","shell.execute_reply":"2023-02-07T08:58:09.665144Z"},"trusted":true},"execution_count":9,"outputs":[]},{"cell_type":"code","source":"#shape of the dataset\ndf.shape","metadata":{"execution":{"iopub.status.busy":"2023-02-07T08:58:09.667581Z","iopub.execute_input":"2023-02-07T08:58:09.668256Z","iopub.status.idle":"2023-02-07T08:58:09.679050Z","shell.execute_reply.started":"2023-02-07T08:58:09.668217Z","shell.execute_reply":"2023-02-07T08:58:09.677739Z"},"trusted":true},"execution_count":10,"outputs":[{"execution_count":10,"output_type":"execute_result","data":{"text/plain":"(1941, 18)"},"metadata":{}}]},{"cell_type":"code","source":"# Description of the Data\ndf.describe()","metadata":{"execution":{"iopub.status.busy":"2023-02-07T08:58:09.681446Z","iopub.execute_input":"2023-02-07T08:58:09.681963Z","iopub.status.idle":"2023-02-07T08:58:09.753551Z","shell.execute_reply.started":"2023-02-07T08:58:09.681916Z","shell.execute_reply":"2023-02-07T08:58:09.752533Z"},"trusted":true},"execution_count":11,"outputs":[{"execution_count":11,"output_type":"execute_result","data":{"text/plain":"         duration_ms         year   popularity  danceability       energy  \\\ncount    1941.000000  1941.000000  1941.000000   1941.000000  1941.000000   \nmean   228594.973725  2009.520350    59.633179      0.667814     0.721549   \nstd     39249.796103     5.875532    21.501053      0.140608     0.152872   \nmin    113000.000000  1998.000000     0.000000      0.129000     0.054900   \n25%    203506.000000  2004.000000    56.000000      0.581000     0.624000   \n50%    223186.000000  2010.000000    65.000000      0.676000     0.739000   \n75%    247946.000000  2015.000000    73.000000      0.765000     0.840000   \nmax    484146.000000  2020.000000    89.000000      0.975000     0.999000   \n\n               key     loudness         mode  speechiness  acousticness  \\\ncount  1941.000000  1941.000000  1941.000000  1941.000000   1941.000000   \nmean      5.369397    -5.514082     0.553323     0.103783      0.128173   \nstd       3.615270     1.938950     0.497277     0.096148      0.172584   \nmin       0.000000   -20.514000     0.000000     0.023200      0.000019   \n25%       2.000000    -6.490000     0.000000     0.039700      0.013500   \n50%       6.000000    -5.285000     1.000000     0.061000      0.055800   \n75%       8.000000    -4.168000     1.000000     0.129000      0.176000   \nmax      11.000000    -0.276000     1.000000     0.576000      0.976000   \n\n       instrumentalness     liveness      valence        tempo  \ncount       1941.000000  1941.000000  1941.000000  1941.000000  \nmean           0.015372     0.181726     0.552966   120.158442  \nstd            0.088371     0.140910     0.220845    26.990475  \nmin            0.000000     0.021500     0.038100    60.019000  \n25%            0.000000     0.088400     0.390000    98.986000  \n50%            0.000000     0.124000     0.560000   120.028000  \n75%            0.000069     0.242000     0.731000   134.199000  \nmax            0.985000     0.853000     0.973000   210.851000  ","text/html":"<div>\n<style scoped>\n    .dataframe tbody tr th:only-of-type {\n        vertical-align: middle;\n    }\n\n    .dataframe tbody tr th {\n        vertical-align: top;\n    }\n\n    .dataframe thead th {\n        text-align: right;\n    }\n</style>\n<table border=\"1\" class=\"dataframe\">\n  <thead>\n    <tr style=\"text-align: right;\">\n      <th></th>\n      <th>duration_ms</th>\n      <th>year</th>\n      <th>popularity</th>\n      <th>danceability</th>\n      <th>energy</th>\n      <th>key</th>\n      <th>loudness</th>\n      <th>mode</th>\n      <th>speechiness</th>\n      <th>acousticness</th>\n      <th>instrumentalness</th>\n      <th>liveness</th>\n      <th>valence</th>\n      <th>tempo</th>\n    </tr>\n  </thead>\n  <tbody>\n    <tr>\n      <th>count</th>\n      <td>1941.000000</td>\n      <td>1941.000000</td>\n      <td>1941.000000</td>\n      <td>1941.000000</td>\n      <td>1941.000000</td>\n      <td>1941.000000</td>\n      <td>1941.000000</td>\n      <td>1941.000000</td>\n      <td>1941.000000</td>\n      <td>1941.000000</td>\n      <td>1941.000000</td>\n      <td>1941.000000</td>\n      <td>1941.000000</td>\n      <td>1941.000000</td>\n    </tr>\n    <tr>\n      <th>mean</th>\n      <td>228594.973725</td>\n      <td>2009.520350</td>\n      <td>59.633179</td>\n      <td>0.667814</td>\n      <td>0.721549</td>\n      <td>5.369397</td>\n      <td>-5.514082</td>\n      <td>0.553323</td>\n      <td>0.103783</td>\n      <td>0.128173</td>\n      <td>0.015372</td>\n      <td>0.181726</td>\n      <td>0.552966</td>\n      <td>120.158442</td>\n    </tr>\n    <tr>\n      <th>std</th>\n      <td>39249.796103</td>\n      <td>5.875532</td>\n      <td>21.501053</td>\n      <td>0.140608</td>\n      <td>0.152872</td>\n      <td>3.615270</td>\n      <td>1.938950</td>\n      <td>0.497277</td>\n      <td>0.096148</td>\n      <td>0.172584</td>\n      <td>0.088371</td>\n      <td>0.140910</td>\n      <td>0.220845</td>\n      <td>26.990475</td>\n    </tr>\n    <tr>\n      <th>min</th>\n      <td>113000.000000</td>\n      <td>1998.000000</td>\n      <td>0.000000</td>\n      <td>0.129000</td>\n      <td>0.054900</td>\n      <td>0.000000</td>\n      <td>-20.514000</td>\n      <td>0.000000</td>\n      <td>0.023200</td>\n      <td>0.000019</td>\n      <td>0.000000</td>\n      <td>0.021500</td>\n      <td>0.038100</td>\n      <td>60.019000</td>\n    </tr>\n    <tr>\n      <th>25%</th>\n      <td>203506.000000</td>\n      <td>2004.000000</td>\n      <td>56.000000</td>\n      <td>0.581000</td>\n      <td>0.624000</td>\n      <td>2.000000</td>\n      <td>-6.490000</td>\n      <td>0.000000</td>\n      <td>0.039700</td>\n      <td>0.013500</td>\n      <td>0.000000</td>\n      <td>0.088400</td>\n      <td>0.390000</td>\n      <td>98.986000</td>\n    </tr>\n    <tr>\n      <th>50%</th>\n      <td>223186.000000</td>\n      <td>2010.000000</td>\n      <td>65.000000</td>\n      <td>0.676000</td>\n      <td>0.739000</td>\n      <td>6.000000</td>\n      <td>-5.285000</td>\n      <td>1.000000</td>\n      <td>0.061000</td>\n      <td>0.055800</td>\n      <td>0.000000</td>\n      <td>0.124000</td>\n      <td>0.560000</td>\n      <td>120.028000</td>\n    </tr>\n    <tr>\n      <th>75%</th>\n      <td>247946.000000</td>\n      <td>2015.000000</td>\n      <td>73.000000</td>\n      <td>0.765000</td>\n      <td>0.840000</td>\n      <td>8.000000</td>\n      <td>-4.168000</td>\n      <td>1.000000</td>\n      <td>0.129000</td>\n      <td>0.176000</td>\n      <td>0.000069</td>\n      <td>0.242000</td>\n      <td>0.731000</td>\n      <td>134.199000</td>\n    </tr>\n    <tr>\n      <th>max</th>\n      <td>484146.000000</td>\n      <td>2020.000000</td>\n      <td>89.000000</td>\n      <td>0.975000</td>\n      <td>0.999000</td>\n      <td>11.000000</td>\n      <td>-0.276000</td>\n      <td>1.000000</td>\n      <td>0.576000</td>\n      <td>0.976000</td>\n      <td>0.985000</td>\n      <td>0.853000</td>\n      <td>0.973000</td>\n      <td>210.851000</td>\n    </tr>\n  </tbody>\n</table>\n</div>"},"metadata":{}}]},{"cell_type":"code","source":"fig=px.imshow(df.corr(),text_auto=True, height=1000,width=1000,color_continuous_scale=px.colors.sequential.Greens,aspect='auto',title='<b>paiwise correlation of columns')\nfig.update_layout(title_x=0.5)\nfig.show()","metadata":{"execution":{"iopub.status.busy":"2023-02-07T08:58:09.755250Z","iopub.execute_input":"2023-02-07T08:58:09.755926Z","iopub.status.idle":"2023-02-07T08:58:10.925083Z","shell.execute_reply.started":"2023-02-07T08:58:09.755890Z","shell.execute_reply":"2023-02-07T08:58:10.923817Z"},"trusted":true},"execution_count":12,"outputs":[{"output_type":"display_data","data":{"application/vnd.plotly.v1+json":{"data":[{"coloraxis":"coloraxis","name":"0","texttemplate":"%{z}","x":["duration_ms","explicit","year","popularity","danceability","energy","key","loudness","mode","speechiness","acousticness","instrumentalness","liveness","valence","tempo"],"y":["duration_ms","explicit","year","popularity","danceability","energy","key","loudness","mode","speechiness","acousticness","instrumentalness","liveness","valence","tempo"],"z":[[1,0.11960752260317699,-0.31883529080892875,0.04814011132339965,-0.06008266496845981,-0.08298181930123188,-0.0013531992909690937,-0.08622556025434544,-0.004094759150644529,0.06253836417434673,0.009960058454020305,-0.006409058011676422,0.02254910716820875,-0.1164234722990256,-0.0337616986918257],[0.11960752260317699,1,0.0773606500385742,0.04730791660849555,0.24379917513439,-0.1642117954221189,0.001795121025421612,-0.09126505919498326,0.0506527725526691,0.4154452368762933,-0.028031831624940138,-0.08260545926963375,0.008237889198587409,-0.04539709073158264,0.014649849559723276],[-0.31883529080892875,0.0773606500385742,1,-0.007293566479355987,0.035444470562668216,-0.11026515723572888,0.008588191178256542,0.017228088432149784,-0.0072079472947071095,0.0031457693166413027,0.04069806673877784,-0.05149006194529913,-0.026418126060152137,-0.2084098215891185,0.07779791057382612],[0.04814011132339965,0.04730791660849555,-0.007293566479355987,1,-0.0001432931106017028,-0.013403867929276557,0.01356105354891734,0.030440651145451594,-0.019430419480122613,0.021977484821040512,0.022501025426308902,-0.048103850659613555,-0.010290799158617204,-0.011012393624998435,0.011056633656083345],[-0.06008266496845981,0.24379917513439,0.035444470562668216,-0.0001432931106017028,1,-0.10320365945796142,0.03574660177156321,-0.035638259934246984,-0.06864317012700955,0.1409545098027524,-0.0623737036934367,0.02166166367268834,-0.12734890086993447,0.4037868012785081,-0.16907373794931338],[-0.08298181930123188,-0.1642117954221189,-0.11026515723572888,-0.013403867929276557,-0.10320365945796142,1,-0.0006417816774622549,0.6519860534497357,-0.04417742229701067,-0.058225337487540815,-0.44705610223223347,0.0406615045020248,0.1539215975129806,0.33175571385471625,0.15230460026492323],[-0.0013531992909690937,0.001795121025421612,0.008588191178256542,0.01356105354891734,0.03574660177156321,-0.0006417816774622549,1,-0.0052293946123361705,-0.15331906442549487,0.0037686741823602164,0.0007191179179343459,-0.004052836828174219,-0.040826801937080236,0.03544052841363351,-0.009851515089508055],[-0.08622556025434544,-0.09126505919498326,0.017228088432149784,0.030440651145451594,-0.035638259934246984,0.6519860534497357,-0.0052293946123361705,1,-0.02756825715028902,-0.08183144659225478,-0.31207921929758564,-0.10357450689909523,0.10197224684759644,0.2282499170148388,0.08165533856657518],[-0.004094759150644529,0.0506527725526691,-0.0072079472947071095,-0.019430419480122613,-0.06864317012700955,-0.04417742229701067,-0.15331906442549487,-0.02756825715028902,1,0.002191810595582206,0.009210056174486314,-0.03643281535255943,0.028334471045107182,-0.08027922045722392,0.04744460455197023],[0.06253836417434673,0.4154452368762933,0.0031457693166413027,0.021977484821040512,0.1409545098027524,-0.058225337487540815,0.0037686741823602164,-0.08183144659225478,0.002191810595582206,1,0.0029262694398495626,-0.06240110720213883,0.056531616063973986,0.0692470801723891,0.06319224878888119],[0.009960058454020305,-0.028031831624940138,0.04069806673877784,0.022501025426308902,-0.0623737036934367,-0.44705610223223347,0.0007191179179343459,-0.31207921929758564,0.009210056174486314,0.0029262694398495626,1,-0.0032202909389592205,-0.10776594429979315,-0.12612918266841905,-0.10553282023632397],[-0.006409058011676422,-0.08260545926963375,-0.05149006194529913,-0.048103850659613555,0.02166166367268834,0.0406615045020248,-0.004052836828174219,-0.10357450689909523,-0.03643281535255943,-0.06240110720213883,-0.0032202909389592205,1,-0.034817809067912424,-0.010660088991713357,0.03544230282768473],[0.02254910716820875,0.008237889198587409,-0.026418126060152137,-0.010290799158617204,-0.12734890086993447,0.1539215975129806,-0.040826801937080236,0.10197224684759644,0.028334471045107182,0.056531616063973986,-0.10776594429979315,-0.034817809067912424,1,0.014736825093137654,0.027449038281677832],[-0.1164234722990256,-0.04539709073158264,-0.2084098215891185,-0.011012393624998435,0.4037868012785081,0.33175571385471625,0.03544052841363351,0.2282499170148388,-0.08027922045722392,0.0692470801723891,-0.12612918266841905,-0.010660088991713357,0.014736825093137654,1,-0.023972692433184478],[-0.0337616986918257,0.014649849559723276,0.07779791057382612,0.011056633656083345,-0.16907373794931338,0.15230460026492323,-0.009851515089508055,0.08165533856657518,0.04744460455197023,0.06319224878888119,-0.10553282023632397,0.03544230282768473,0.027449038281677832,-0.023972692433184478,1]],"type":"heatmap","xaxis":"x","yaxis":"y","hovertemplate":"x: %{x}<br>y: %{y}<br>color: %{z}<extra></extra>"}],"layout":{"template":{"data":{"histogram2dcontour":[{"type":"histogram2dcontour","colorbar":{"outlinewidth":0,"ticks":""},"colorscale":[[0,"#0d0887"],[0.1111111111111111,"#46039f"],[0.2222222222222222,"#7201a8"],[0.3333333333333333,"#9c179e"],[0.4444444444444444,"#bd3786"],[0.5555555555555556,"#d8576b"],[0.6666666666666666,"#ed7953"],[0.7777777777777778,"#fb9f3a"],[0.8888888888888888,"#fdca26"],[1,"#f0f921"]]}],"choropleth":[{"type":"choropleth","colorbar":{"outlinewidth":0,"ticks":""}}],"histogram2d":[{"type":"histogram2d","colorbar":{"outlinewidth":0,"ticks":""},"colorscale":[[0,"#0d0887"],[0.1111111111111111,"#46039f"],[0.2222222222222222,"#7201a8"],[0.3333333333333333,"#9c179e"],[0.4444444444444444,"#bd3786"],[0.5555555555555556,"#d8576b"],[0.6666666666666666,"#ed7953"],[0.7777777777777778,"#fb9f3a"],[0.8888888888888888,"#fdca26"],[1,"#f0f921"]]}],"heatmap":[{"type":"heatmap","colorbar":{"outlinewidth":0,"ticks":""},"colorscale":[[0,"#0d0887"],[0.1111111111111111,"#46039f"],[0.2222222222222222,"#7201a8"],[0.3333333333333333,"#9c179e"],[0.4444444444444444,"#bd3786"],[0.5555555555555556,"#d8576b"],[0.6666666666666666,"#ed7953"],[0.7777777777777778,"#fb9f3a"],[0.8888888888888888,"#fdca26"],[1,"#f0f921"]]}],"heatmapgl":[{"type":"heatmapgl","colorbar":{"outlinewidth":0,"ticks":""},"colorscale":[[0,"#0d0887"],[0.1111111111111111,"#46039f"],[0.2222222222222222,"#7201a8"],[0.3333333333333333,"#9c179e"],[0.4444444444444444,"#bd3786"],[0.5555555555555556,"#d8576b"],[0.6666666666666666,"#ed7953"],[0.7777777777777778,"#fb9f3a"],[0.8888888888888888,"#fdca26"],[1,"#f0f921"]]}],"contourcarpet":[{"type":"contourcarpet","colorbar":{"outlinewidth":0,"ticks":""}}],"contour":[{"type":"contour","colorbar":{"outlinewidth":0,"ticks":""},"colorscale":[[0,"#0d0887"],[0.1111111111111111,"#46039f"],[0.2222222222222222,"#7201a8"],[0.3333333333333333,"#9c179e"],[0.4444444444444444,"#bd3786"],[0.5555555555555556,"#d8576b"],[0.6666666666666666,"#ed7953"],[0.7777777777777778,"#fb9f3a"],[0.8888888888888888,"#fdca26"],[1,"#f0f921"]]}],"surface":[{"type":"surface","colorbar":{"outlinewidth":0,"ticks":""},"colorscale":[[0,"#0d0887"],[0.1111111111111111,"#46039f"],[0.2222222222222222,"#7201a8"],[0.3333333333333333,"#9c179e"],[0.4444444444444444,"#bd3786"],[0.5555555555555556,"#d8576b"],[0.6666666666666666,"#ed7953"],[0.7777777777777778,"#fb9f3a"],[0.8888888888888888,"#fdca26"],[1,"#f0f921"]]}],"mesh3d":[{"type":"mesh3d","colorbar":{"outlinewidth":0,"ticks":""}}],"scatter":[{"fillpattern":{"fillmode":"overlay","size":10,"solidity":0.2},"type":"scatter"}],"parcoords":[{"type":"parcoords","line":{"colorbar":{"outlinewidth":0,"ticks":""}}}],"scatterpolargl":[{"type":"scatterpolargl","marker":{"colorbar":{"outlinewidth":0,"ticks":""}}}],"bar":[{"error_x":{"color":"#2a3f5f"},"error_y":{"color":"#2a3f5f"},"marker":{"line":{"color":"#E5ECF6","width":0.5},"pattern":{"fillmode":"overlay","size":10,"solidity":0.2}},"type":"bar"}],"scattergeo":[{"type":"scattergeo","marker":{"colorbar":{"outlinewidth":0,"ticks":""}}}],"scatterpolar":[{"type":"scatterpolar","marker":{"colorbar":{"outlinewidth":0,"ticks":""}}}],"histogram":[{"marker":{"pattern":{"fillmode":"overlay","size":10,"solidity":0.2}},"type":"histogram"}],"scattergl":[{"type":"scattergl","marker":{"colorbar":{"outlinewidth":0,"ticks":""}}}],"scatter3d":[{"type":"scatter3d","line":{"colorbar":{"outlinewidth":0,"ticks":""}},"marker":{"colorbar":{"outlinewidth":0,"ticks":""}}}],"scattermapbox":[{"type":"scattermapbox","marker":{"colorbar":{"outlinewidth":0,"ticks":""}}}],"scatterternary":[{"type":"scatterternary","marker":{"colorbar":{"outlinewidth":0,"ticks":""}}}],"scattercarpet":[{"type":"scattercarpet","marker":{"colorbar":{"outlinewidth":0,"ticks":""}}}],"carpet":[{"aaxis":{"endlinecolor":"#2a3f5f","gridcolor":"white","linecolor":"white","minorgridcolor":"white","startlinecolor":"#2a3f5f"},"baxis":{"endlinecolor":"#2a3f5f","gridcolor":"white","linecolor":"white","minorgridcolor":"white","startlinecolor":"#2a3f5f"},"type":"carpet"}],"table":[{"cells":{"fill":{"color":"#EBF0F8"},"line":{"color":"white"}},"header":{"fill":{"color":"#C8D4E3"},"line":{"color":"white"}},"type":"table"}],"barpolar":[{"marker":{"line":{"color":"#E5ECF6","width":0.5},"pattern":{"fillmode":"overlay","size":10,"solidity":0.2}},"type":"barpolar"}],"pie":[{"automargin":true,"type":"pie"}]},"layout":{"autotypenumbers":"strict","colorway":["#636efa","#EF553B","#00cc96","#ab63fa","#FFA15A","#19d3f3","#FF6692","#B6E880","#FF97FF","#FECB52"],"font":{"color":"#2a3f5f"},"hovermode":"closest","hoverlabel":{"align":"left"},"paper_bgcolor":"white","plot_bgcolor":"#E5ECF6","polar":{"bgcolor":"#E5ECF6","angularaxis":{"gridcolor":"white","linecolor":"white","ticks":""},"radialaxis":{"gridcolor":"white","linecolor":"white","ticks":""}},"ternary":{"bgcolor":"#E5ECF6","aaxis":{"gridcolor":"white","linecolor":"white","ticks":""},"baxis":{"gridcolor":"white","linecolor":"white","ticks":""},"caxis":{"gridcolor":"white","linecolor":"white","ticks":""}},"coloraxis":{"colorbar":{"outlinewidth":0,"ticks":""}},"colorscale":{"sequential":[[0,"#0d0887"],[0.1111111111111111,"#46039f"],[0.2222222222222222,"#7201a8"],[0.3333333333333333,"#9c179e"],[0.4444444444444444,"#bd3786"],[0.5555555555555556,"#d8576b"]